# 
# Susy particle properties set to model mSUGRA with R parity violation (Baryon number violation).
# M_1=28.32 GeV, M_2=250 GeV, A_t=m_sq=1TeV; tan(beta)=5; mu = 140 GeV
#
# Only SUSY particles are overwritten
#
PARTICLE
#
#                    GEANTID    PDGID  CHARGE   MASS(GeV)      TLIFE(s)            EVTGENNAME    PYTHIAID    MAXWIDTH
#
 H_10 87 25   0.0   113.84003290958609       6.22244563605834008e-023 Higgs0 25    0.000000e+000
 H_20 88 35   0.0   850.90911814024309       5.77986214145617263e-026 Higgs'0 35   0.000000e+000
 H_30 89 36   0.0   849.61658864892399       5.73502445791556376e-026 A0 36        0.000000e+000
 H+   90 37   1.0   853.53516556290492       6.12498672671645058e-026 Higgs+ 37    0.000000e+000
 H-   91 -37 -1.0   853.53516556290492       6.12498672671645058e-026 Higgs- -37   0.000000e+000
 Graviton            330          39  0.0      0.00000000        0.000           unknown          39      0.00000000    
 ~d_L 859 1000001 -0.3   802.04159266250986       3.18075153066723734e-026 unknown 1000001    0.000000e+000
 ~d_Lbar 860 -1000001  0.3   802.04159266250986       3.18075153066723734e-026 unknown -1000001  0.000000e+000
 ~u_L 861 1000002  0.7   798.30844639862391       3.19584563375820855e-026 unknown 1000002  0.000000e+000
 ~u_Lbar 862 -1000002 -0.7   798.30844639862391       3.19584563375820855e-026 unknown -1000002 0.000000e+000
 ~s_L 863 1000003 -0.3   802.04159266250986       3.18075880703080156e-026 unknown 1000003  0.000000e+000
 ~s_Lbar 864 -1000003  0.3    802.04159266250986       3.18075880703080156e-026 unknown -1000003 0.000000e+000
 ~c_L 865 1000004  0.7   798.30844639862391       3.19584979207234100e-026 unknown 1000004   0.000000e+000
 ~c_Lbar 866 -1000004 -0.7   798.30844639862391       3.19584979207234100e-026 unknown -1000004  0.000000e+000
 ~b_1 867 1000005 -0.3   700.40998849629898       1.01694893599695535e-027 unknown 1000005  0.000000e+000
 ~b_1bar 868 -1000005  0.3   700.40998849629898       1.01694893599695535e-027 unknown -1000005  0.000000e+000
 ~t_1 869 1000006  0.7   930.28347966943136       2.57501424825922473e-027 unknown 1000006  0.000000e+000
 ~t_1bar 870 -1000006 -0.7   930.28347966943136       2.57501424825922473e-027 unknown -1000006  0.000000e+000
 ~e_L- 871 1000011 -1.0   250.00000000000000       1.14358161493262100e-024 unknown 1000011 0.000000e+000
 ~e_L+ 872 -1000011 1.0   250.00000000000000       1.14358161493262100e-024 unknown -1000011  0.000000e+000
 ~nu_eL 873 1000012 0.0   237.75125495098703       9.32847815874169309e-025 unknown 1000012  0.000000e+000
 ~nu_eLbar 874 -1000012 0.0   237.75125495098703       9.32847815874169309e-025 unknown -1000012 0.000000e+000
 ~mu_L- 875 1000013 -1.0   250.00000000000000       1.14353568144132782e-024 unknown 1000013  0.000000e+000
 ~mu_L+ 876 -1000013 1.0   250.00000000000000       1.14353568144132782e-024 unknown -1000013  0.000000e+000
 ~nu_muL 877 1000014 0.0   237.75125495098703       9.32820357615241633e-025 unknown 1000014  0.000000e+000
 ~nu_muLbar 878 -1000014 0.0   237.75125495098703       9.32820357615241633e-025 unknown -1000014  0.000000e+000
 ~tau_1- 879 1000015 -1.0   204.05187479070281       6.92627192273277420e-025 unknown 1000015   0.000000e+000
 ~tau_1+ 880 -1000015 1.0   204.05187479070281       6.92627192273277420e-025 unknown -1000015  0.000000e+000
 ~nu_tauL 881 1000016 0.0   242.20930910347897       8.96544447938242511e-025 unknown 1000016   0.000000e+000
 ~nu_tauLbar 882 -1000016 0.0   242.20930910347897       8.96544447938242511e-025 unknown -1000016   0.000000e+000
 ~g 883 1000021 0.0   578.75172431198735       2.45705761570208397e-024 unknown 1000021  0.000000e+000
 ~chi_10 884 1000022 0.0   20.011427222556904       1e-11 unknown 1000022  0.000000e+000
 ~chi_20 885 1000023 0.0   120.84796876205391       1.09902795972856237e-022 unknown 1000023  0.000000e+000
 ~chi_1+ 886 1000024 1.0   113.40534923746061       4.16513212842414296e-023 unknown 1000024  0.000000e+000
 ~chi_1- 887 -1000024 -1.0   113.40534923746061       4.16513212842414296e-023 unknown -1000024 0.000000e+000
 ~chi_30 888 1000025 0.0   148.84741703073027       1.34720771823850782e-023 unknown 1000025   0.000000e+000
 ~chi_40 889 1000035 0.0   286.30802074094373       3.07725783882659119e-025 unknown 1000035   0.000000e+000
 ~chi_2+ 890 1000037 1.0   286.67687692649639       3.15256877794933766e-025 unknown 1000037   0.000000e+000
 ~chi_2- 891 -1000037 -1.0   286.67687692649639       3.15256877794933766e-025 unknown -1000037  0.000000e+000
 ~Gravitino 892 1000039 0.0   500.00000000000000        0.0000000000000000      unknown 1000039 0.000000e+000
 ~d_R 893 2000001 -0.3   1000.2835057882340       6.81561659450161286e-028 unknown 2000001  0.000000e+000
 ~d_Rbar 894 -2000001 0.3   1000.2835057882340       6.81561659450161286e-028 unknown -2000001  0.000000e+000
 ~u_R 895 2000002 0.7   999.43274716010785       1.29422584378170365e-027 unknown 2000002   0.000000e+000
 ~u_Rbar 896 -2000002 -0.7   999.43274716010785       1.29422584378170365e-027 unknown -2000002  0.000000e+000
 ~s_R 897 2000003 -0.3   1000.2835057882340       6.81561659565055922e-028 unknown 2000003  0.000000e+000
 ~s_Rbar 898 -2000003 0.3   1000.2835057882340       6.81561659565055922e-028 unknown -2000003  0.000000e+000
 ~c_R 899 2000004 0.7   999.43274716010785       1.29422586894941186e-027 unknown 2000004   0.000000e+000
 ~c_Rbar 900 -2000004 -0.7   999.43274716010785       1.29422586894941186e-027 unknown -2000004 0.000000e+000
 ~b_2 901 2000005 -0.3   1001.6376876278449       1.22984257579307675e-026 unknown 2000005   0.000000e+000
 ~b_2bar 902 -2000005 0.3   1001.6376876278449       1.22984257579307675e-026 unknown -2000005   0.000000e+000
 ~t_2 903 2000006 0.7   1088.4323066997636       1.97300603339470868e-027 unknown 2000006  0.000000e+000
 ~t_2bar 904 -2000006 -0.7   1088.4323066997636       1.97300603339470868e-027 unknown -2000006   0.000000e+000
 ~e_R- 905 2000011 -1.0   200.00000000000000       7.18085488286597009e-025 unknown 2000011  0.000000e+000
 ~e_R+ 906 -2000011 1.0   200.00000000000000       7.18085488286597009e-025 unknown -2000011  0.000000e+000
 ~nu_eR 907 2000012 0.0   9999.0000000000000        0.0000000000000000      unknown 2000012 0.000000e+000
 ~nu_eRbar 908 -2000012 0.0   9999.0000000000000        0.0000000000000000      unknown -2000012 0.000000e+000
 ~mu_R- 909 2000013 -1.0   200.00000000000000       7.18062950077649881e-025 unknown 2000013   0.000000e+000
 ~mu_R+ 910 -2000013 1.0   200.00000000000000       7.18062950077649881e-025 unknown -2000013  0.000000e+000
 ~nu_muR 911 2000014 0.0   9999.0000000000000        0.0000000000000000      unknown 2000014   0.000000e+000
 ~nu_muRbar 912 -2000014 0.0   9999.0000000000000        0.0000000000000000      unknown -2000014  0.000000e+000
 ~tau_2- 913 2000015 -1.0   254.37562022531702       1.10622409736723561e-024 unknown 2000015   0.000000e+000
 ~tau_2+ 914 -2000015 1.0   254.37562022531702       1.10622409736723561e-024 unknown -2000015  0.000000e+000
 ~nu_tauR 915 2000016 0.0   9999.0000000000000        0.0000000000000000      unknown 2000016   0.000000e+000
 ~nu_tauRbar 916 -2000016 0.0   9999.0000000000000        0.0000000000000000      unknown -2000016   0.000000e+000
#  
END PARTICLE
