# 
# Susy particle properties set to model mSUGRA with R parity violation (Baryon number violation).
# M_1=45.90 GeV, M_2=250 GeV, A_t=m_sq=1TeV; tan(beta)=5; mu = 140 GeV
#
# Only SUSY particles are overwritten
#
PARTICLE
#
#                    GEANTID    PDGID  CHARGE   MASS(GeV)      TLIFE(s)            EVTGENNAME    PYTHIAID    MAXWIDTH
#
 H_10 87 25 0.0   113.84003290958609       6.11815574991820953E-023 Higgs0 25   0.000000e+000
 H_20 88 35 0.0   850.90911814024309       5.78035040487801440E-026 Higgs'0 35   0.000000e+000
 H_30 89 36 0.0   849.61658864892399       5.73565186857972903E-026 A0 36   0.000000e+000
 H+ 90 37 1.0   853.53516556290492       6.12882216895583607E-026 Higgs+ 37   0.000000e+000
 H- 91 -37 -1.0   853.53516556290492       6.12882216895583607E-026 Higgs- -37   0.000000e+000
 Graviton            330          39  0.0      0.0000000000000000        0.0000000000000000                        unknown          39      0.0000000000000000   
 ~d_L 859 1000001 -0.3   802.04159266250986       3.18081193687734497E-026 unknown 1000001   0.000000e+000
 ~d_Lbar 860 -1000001  0.3   802.04159266250986       3.18081193687734497E-026 unknown -1000001   0.000000e+000
 ~u_L 861 1000002  0.7   798.30844639862391       3.19592914061404228E-026 unknown 1000002  0.000000e+000
 ~u_Lbar 862 -1000002 -0.7   798.30844639862391       3.19592914061404228E-026 unknown -1000002    0.000000e+000
 ~s_L 863 1000003 -0.3   802.04159266250986       3.18081921351728468E-026 unknown 1000003    0.000000e+000
 ~s_Lbar 864 -1000003  0.3    802.04159266250986       3.18081921351728468E-026 unknown -1000003    0.000000e+000
 ~c_L 865 1000004  0.7   798.30844639862391       3.19593329914548908E-026 unknown 1000004   0.000000e+000
 ~c_Lbar 866 -1000004 -0.7   798.30844639862391       3.19593329914548908E-026 unknown -1000004    0.000000e+000
 ~b_1 867 1000005 -0.3   700.40998849629898       1.01695226145102210E-027 unknown 1000005   0.000000e+000
 ~b_1bar 868 -1000005  0.3   700.40998849629898       1.01695226145102210E-027 unknown -1000005   0.000000e+000
 ~t_1 869 1000006  0.7   930.28347966943136       2.57515231725328879E-027 unknown 1000006   0.000000e+000
 ~t_1bar 870 -1000006 -0.7   930.28347966943136       2.57515231725328879E-027 unknown -1000006  0.000000e+000
 ~e_L- 871 1000011 -1.0   250.00000000000000       1.18225087504637107E-024 unknown 1000011   0.000000e+000
 ~e_L+ 872 -1000011 1.0   250.00000000000000       1.18225087504637107E-024 unknown -1000011  0.000000e+000
 ~nu_eL 873 1000012 0.0   237.75125495098703       9.40921533570434799E-025 unknown 1000012   0.000000e+000
 ~nu_eLbar 874 -1000012 0.0   237.75125495098703       9.40921533570434799E-025 unknown -1000012 0.000000e+000
 ~mu_L- 875 1000013 -1.0   250.00000000000000       1.18220163710812498E-024 unknown 1000013   0.000000e+000
 ~mu_L+ 876 -1000013 1.0   250.00000000000000       1.18220163710812498E-024 unknown -1000013  0.000000e+000
 ~nu_muL 877 1000014 0.0   237.75125495098703       9.40893597964049790E-025 unknown 1000014   0.000000e+000
 ~nu_muLbar 878 -1000014 0.0   237.75125495098703       9.40893597964049790E-025 unknown -1000014  0.000000e+000
 ~tau_1- 879 1000015 -1.0   204.05187479070281       7.36676196929397743E-025 unknown 1000015   0.000000e+000
 ~tau_1+ 880 -1000015 1.0   204.05187479070281       7.36676196929397743E-025 unknown -1000015  0.000000e+000
 ~nu_tauL 881 1000016 0.0   242.20930910347897       9.03994063617534132E-025 unknown 1000016    0.000000e+000
 ~nu_tauLbar 882 -1000016 0.0   242.20930910347897       9.03994063617534132E-025 unknown -1000016   0.000000e+000
 ~g 883 1000021 0.0   578.75172431198735       2.45698071654259798E-024 unknown 1000021    0.000000e+000
 ~chi_10 884 1000022 0.0   35.006676081905816       1e-11 unknown 1000022   0.000000e+000
 ~chi_20 885 1000023 0.0   123.00831994413970       1.30808369460549174E-021 unknown 1000023   0.000000e+000
 ~chi_1+ 886 1000024 1.0   113.40534923746061       5.53020838839526202E-022 unknown 1000024   0.000000e+000
 ~chi_1- 887 -1000024 -1.0   113.40534923746061       5.53020838839526202E-022 unknown -1000024   0.000000e+000
 ~chi_30 888 1000025 0.0   148.51400015520224       1.98786590986436871E-023 unknown 1000025   0.000000e+000
 ~chi_40 889 1000035 0.0   286.39900565503541       3.08564518029230534E-025 unknown 1000035   0.000000e+000
 ~chi_2+ 890 1000037 1.0   286.67687692649639       3.16506572564712060E-025 unknown 1000037  0.000000e+000
 ~chi_2- 891 -1000037 -1.0   286.67687692649639       3.16506572564712060E-025 unknown -1000037   0.000000e+000
 ~Gravitino 892 1000039 0.0   500.00000000000000        0.0000000000000000      unknown 1000039 0.000000e+000
 ~d_R 893 2000001 -0.3   1000.2835057882340       6.81562715807084621E-028 unknown 2000001    0.000000e+000
 ~d_Rbar 894 -2000001 0.3   1000.2835057882340       6.81562715807084621E-028 unknown -2000001   0.000000e+000
 ~u_R 895 2000002 0.7   999.43274716010785       1.29424109294324442E-027 unknown 2000002  0.000000e+000
 ~u_Rbar 896 -2000002 -0.7   999.43274716010785       1.29424109294324442E-027 unknown -2000002   0.000000e+000
 ~s_R 897 2000003 -0.3   1000.2835057882340       6.81562715921979436E-028 unknown 2000003  0.000000e+000
 ~s_Rbar 898 -2000003 0.3   1000.2835057882340       6.81562715921979436E-028 unknown -2000003   0.000000e+000
 ~c_R 899 2000004 0.7   999.43274716010785       1.29424111811154526E-027 unknown 2000004   0.000000e+000
 ~c_Rbar 900 -2000004 -0.7   999.43274716010785       1.29424111811154526E-027 unknown -2000004   0.000000e+000
 ~b_2 901 2000005 -0.3   1001.6376876278449       1.22985032002260875E-026 unknown 2000005   0.000000e+000
 ~b_2bar 902 -2000005 0.3   1001.6376876278449       1.22985032002260875E-026 unknown -2000005   0.000000e+000
 ~t_2 903 2000006 0.7   1088.4323066997636       1.97297237752577775E-027 unknown 2000006   0.000000e+000
 ~t_2bar 904 -2000006 -0.7   1088.4323066997636       1.97297237752577775E-027 unknown -2000006   0.000000e+000
 ~e_R- 905 2000011 -1.0   200.00000000000000       7.66436521754121608E-025 unknown 2000011  0.000000e+000
 ~e_R+ 906 -2000011 1.0   200.00000000000000       7.66436521754121608E-025 unknown -2000011   0.000000e+000
 ~nu_eR 907 2000012 0.0   9999.0000000000000        0.0000000000000000      unknown 2000012   0.000000e+000
 ~nu_eRbar 908 -2000012 0.0   9999.0000000000000        0.0000000000000000      unknown -2000012  0.000000e+000
 ~mu_R- 909 2000013 -1.0   200.00000000000000       7.66410965895794668E-025 unknown 2000013   0.000000e+000
 ~mu_R+ 910 -2000013 1.0   200.00000000000000       7.66410965895794668E-025 unknown -2000013  0.000000e+000
 ~nu_muR 911 2000014 0.0   9999.0000000000000        0.0000000000000000      unknown 2000014   0.000000e+000
 ~nu_muRbar 912 -2000014 0.0   9999.0000000000000        0.0000000000000000      unknown -2000014   0.000000e+000
 ~tau_2- 913 2000015 -1.0   254.37562022531702       1.14182128879995388E-024 unknown 2000015   0.000000e+000
 ~tau_2+ 914 -2000015 1.0   254.37562022531702       1.14182128879995388E-024 unknown -2000015  0.000000e+000
 ~nu_tauR 915 2000016 0.0   9999.0000000000000        0.0000000000000000      unknown 2000016  0.000000e+000
 ~nu_tauRbar 916 -2000016 0.0   9999.0000000000000        0.0000000000000000      unknown -2000016   0.000000e+000
#  
END PARTICLE
