0.1 0.10792
0.3 0.0675214
0.5 0.0655151
0.7 0.0649207
0.9 0.0649255
1.1 0.0651044
1.3 0.0654364
1.5 0.0659443
1.7 0.0664534
1.9 0.0668631
2.1 0.0675762
2.3 0.0680398
2.5 0.0686654
2.7 0.0693794
2.9 0.0698534
3.1 0.070454
3.3 0.0712717
3.5 0.0719017
3.7 0.0726702
3.9 0.0733223
4.1 0.0741888
4.3 0.0747929
4.5 0.0755312
4.7 0.0763124
4.9 0.0772348
5.1 0.0780905
5.3 0.0786809
5.5 0.079746
5.7 0.0805551
5.9 0.0816166
6.1 0.0825826
6.3 0.0835261
6.5 0.0844773
6.7 0.0854641
6.9 0.0864217
7.1 0.0874376
7.3 0.0886733
7.5 0.0896459
7.7 0.0910078
7.9 0.092171
8.1 0.093439
8.3 0.0945539
8.5 0.095786
8.7 0.0972278
8.9 0.0988007
9.1 0.100057
9.3 0.101452
9.5 0.103019
9.7 0.104589
9.9 0.106433
10.1 0.10788
10.3 0.109869
10.5 0.11141
10.7 0.113187
10.9 0.115576
11.1 0.117264
11.3 0.119433
11.5 0.1218
11.7 0.123842
11.9 0.126429
12.1 0.128756
12.3 0.131744
12.5 0.133995
12.7 0.136566
12.9 0.140228
13.1 0.143221
13.3 0.146889
13.5 0.150586
13.7 0.154219
13.9 0.1587
14.1 0.162767
14.3 0.167104
14.5 0.172282
14.7 0.17732
14.9 0.182523
15.1 0.18886
15.3 0.196006
15.5 0.202428
15.7 0.210941
15.9 0.219346
16.1 0.228372
16.3 0.238534
16.5 0.250765
16.7 0.26353
16.9 0.278888
17.1 0.29561
17.3 0.315554
17.5 0.341322
17.7 0.369553
17.9 0.405059
18.1 0.451277
18.3 0.509485
18.5 0.60019
18.7 0.74011
18.9 1
19.1 1.58073
19.3 3.32939
19.5 7.56762
19.7 15.732
19.9 31.0774
